# Lin Alg Quiz

Create matrix for original problem

$$
\begin{pmatrix}
-1 & -1 & 0 & 0 & -1200 \\
0 & 0 & -1 & -1  & -800 \\
1 & 0 & 1 & 0 & 600 \\
0 & 1 & 0 & 1 & 1300 \\
5 & 9 & 6 & 8 & 1
\end{pmatrix}
$$

Tranpose

$$
\begin{pmatrix}
-1 & 0 & 1 & 0 & 5\\
-1 & 0 & 0 & 1 & 9 \\
0 & -1 & 1 & 0 & 6 \\
0 & -1 & 0 & 1 & 8 \\
-1200 & -800 & 600 & 1300 & 1
\end{pmatrix}
$$
Set up dummy variables for inequalities

$$
\begin{pmatrix}
-1 & 0 & 1 & 0 & 1 & 0 & 0 & 0 & 0 & 5\\
-1 & 0 & 0 & 1 & 0 & 1 & 0 & 0 & 0 & 9 \\
0 & -1 & 1 & 0 & 0 & 0 & 1 & 0 & 0 & 6 \\
0 & -1 & 0 & 1 & 0 & 0 & 0 & 1 & 0 & 8 \\
1200 & 800 & -600 & -1300 & 0 & 0 & 0 & 0 & 1 & 0
\end{pmatrix}
$$

Find first pivot: 44

$$
\begin{pmatrix}
-1 & 0 & 1 & 0 & 1 & 0 & 0 & 0 & 0 & 5\\
-1 & 0 & 0 & 1 & 0 & 1 & 0 & 0 & 0 & 9 \\
0 & -1 & 1 & 0 & 0 & 0 & 1 & 0 & 0 & 6 \\
1 & -1 & 0 & 0 & 0 & -1 & 0 & 1 & 0 & -1 \\
-100 & 0 & -600 & 0 & 0 & 1300 & 0 & 0 & 1 & 11700
\end{pmatrix}
$$

Second pivot: 13

$$
\begin{pmatrix}
-1 & 0 & 1 & 0 & 1 & 0 & 0 & 0 & 0 & 5\\
-1 & 0 & 0 & 1 & 0 & 1 & 0 & 0 & 0 & 9 \\
1 & -1 & 0 & 0 & -1 & 0 & 1 & 0 & 0 & 1 \\
1 & -1 & 0 & 0 & 0 & -1 & 0 & 1 & 0 & -1 \\
500 & 0 & 0 & 0 & 600 & 1300 & 0 & 0 & 1 & 14700
\end{pmatrix}
$$

$$
\begin{align}
P &= 14700
\end{align}
$$